object FrmDesconto: TFrmDesconto
  Left = 0
  Top = 0
  Caption = 'Form2'
  ClientHeight = 480
  ClientWidth = 640
  FormFactor.Width = 320
  FormFactor.Height = 480
  FormFactor.Devices = [Desktop]
  DesignerMasterStyle = 0
  object Rectangle1: TRectangle
    Position.X = 264.000000000000000000
    Position.Y = 176.000000000000000000
    Size.Width = 50.000000000000000000
    Size.Height = 50.000000000000000000
    Size.PlatformDefault = False
  end
end
